0.3072789553
0.3072132251
0.3071463915
0.3070784424
0.3070093655
0.3069391487
0.3068677795
0.3067952456
0.3067215346
0.3066466338
0.3065705308
0.3064932128
0.3064146672
0.3063348812
0.3062538419
0.3061715365
0.3060879519
0.3062504748
0.3061863224
0.3061217628
0.306056796
0.3059914217
0.3059256397
0.3058594499
0.305792852
0.3057258459
0.3056584314
0.3055906082
0.3055223762
0.3054537352
0.305384685
0.3053152253
0.305245356
0.3051750769
0.3051043878
0.3050332884
0.3049617786
0.3048898581
0.3048175268
0.3047447845
0.3046716308
0.3045980657
0.3045240888
0.3044497001
0.3043748992
0.304299686
0.3042240602
0.3041480216
0.30407157
0.3039947052
0.303917427
0.303839735
0.3037616292
0.3036831092
0.3036041749
0.3035248261
0.3034450624
0.3033648836
0.3032842896
0.3032032801
0.3031218548
0.3030400136
0.3029577561
0.3028750822
0.3027919916
0.302708484
0.3026245593
0.3067644888
0.3067568053
0.3067491217
0.306741438
0.3067337541
0.3067260701
0.3067183859
0.3067107016
0.3067030172
0.3066953326
0.3066876478
0.306679963
0.3066722779
0.3066645928
0.3066569075
0.306649222
0.3066415364
0.3066338507
0.3066261648
0.3066184788
0.3066107926
0.3066031063
0.3065954198
0.3065877333
0.3065800465
0.3065723596
0.3065646726
0.3065569855
0.3065492981
0.3065416107
0.3065339231
0.3065262354
0.3065185475
0.3065108595
0.3065031713
0.306495483
0.3064877945
0.306480106
0.3064724172
0.3064647283
0.3064570393
0.3064493502
0.3064416609
0.3064339714
0.3064262818
0.3064185921
0.3064109022
0.3064032122
0.306395522
0.3063878317
0.3063801413
0.3063724507
0.3063647599
0.3063570691
0.306349378
0.3063416869
0.3063339956
0.3063263041
0.3063186125
0.3063109208
0.3063032289
0.3062955369
0.3062878447
0.3062801524
0.30627246
0.3062647674
0.3062570747
0.3062493818
0.3062416888
0.3062339956
0.3062263023
0.3062186089
0.3062109153
0.3062032215
0.3061955277
0.3061878336
0.3061801395
0.3061724452
0.3061647507
0.3061570561
0.3061493614
0.3061416665
0.3061339715
0.3061262763
0.306118581
0.3061108856
0.30610319
0.3060954943
0.3060877984
0.3060801024
0.3060724062
0.3060647099
0.3060570135
0.3060493169
0.3060416201
0.3060339233
0.3060262262
0.3060185291
0.3060108318
0.3060031343
0.3058691269
0.3058570392
0.305844908
0.3058327331
0.3058205147
0.3058082527
0.3057959471
0.3057835979
0.3057712051
0.3057587687
0.3057462886
0.305733765
0.3057211977
0.3057085869
0.3056959323
0.3056832342
0.3056704924
0.305657707
0.3056448779
0.3056320052
0.3056190888
0.3056061288
0.3055931251
0.3055800778
0.3055669868
0.3055538521
0.3055406737
0.3055274517
0.305514186
0.3055008765
0.3054875234
0.3054741266
0.3054606861
0.3054472019
