0.5831963876
0.4878053229
0.4161122683
0.364000934
0.3272697048
0.3026461446
0.2878971053
0.2817050894
0.2835451006
0.2936314147
0.3129517956
0.3433886417
0.3878964461
0.4505992659
0.5363476023
0.6484748059
0.782313341
0.8243213747
0.9400119033
0.9984690861
0.9703247815
0.8705433805
0.7422476912
0.6204124061
0.5199373258
0.442624763
0.3852818951
0.3438864561
0.3150423366
0.2962791396
0.2859863899
0.2832866504
0.287945633
0.300345209
0.3215229239
0.3532696855
0.3982475508
0.4599961728
0.5424439412
0.6479909638
0.772556182
0.8971624231
0.9837258855
0.9930794208
0.9204677585
0.8006257749
0.6742636428
0.5643802411
0.4774037882
0.411773427
0.363677955
0.3294495894
0.3062479832
0.2921135846
0.2858577011
0.2869548562
0.2954869433
0.3121504146
0.3383243252
0.3761799889
0.4287605405
0.4998077177
0.5927469916
0.7075966681
0.8343826692
0.945336316
0.9990210051
0.2819577914
0.2863903793
0.2955042595
0.3097465681
0.3298297336
0.3567653138
0.391892817
0.4368703117
0.4935521496
0.5636025049
0.6475843244
0.7432127132
0.8428062763
0.9313081326
0.9883318534
0.9969630196
0.9545395599
0.874539223
0.7773990979
0.680209707
0.5927496928
0.5186754841
0.4581052369
0.4096244961
0.3714100043
0.3417397821
0.3191752527
0.3025948957
0.2911718237
0.284337576
0.2817496466
0.2832691454
0.2889504576
0.299043073
0.3140049722
0.3345257501
0.3615545436
0.3963202831
0.4403151703
0.4951789451
0.5623626554
0.642370632
0.7333453708
0.8290042321
0.9168728097
0.9793173839
0.9998642928
0.9724557097
0.9054685261
0.8161604365
0.7214684468
0.6326967649
0.5552075787
0.4903515376
0.4374234897
0.3949367336
0.3612850179
0.335027675
0.3149821136
0.300231105
0.2900991875
0.2841231134
0.2820267514
0.2837042672
0.2892126797
0.2987738367
0.312785321
0.3318389321
0.3567432208
0.3885414643
0.4285055357
0.4780645327
0.5385887139
0.6108935074
0.6942836671
0.7850385467
0.8746995816
0.9495516597
0.9935372506
0.995164187
0.9541340129
0.8814966081
0.7931876209
0.7030477093
0.6197486442
0.5472040166
0.4862456957
0.4361415069
0.3955651396
0.3631050855
0.337489531
0.3176627734
0.302793588
0.2922574604
0.2856126646
0.2825789341
0.2830221605
0.2869462215
0.2944921125
0.3059441406
0.3316216985
0.3556293403
0.386126246
0.4242777685
0.4714008766
0.5287910503
0.5973240225
0.676682357
0.7640968366
0.8527993299
0.9311553005
0.9843200815
0.9995846777
0.9729826415
0.9116487905
0.8296131274
0.7410750974
0.6561704393
0.5802997291
0.5153530552
0.4612094389
0.4168354022
0.3809227801
0.3522028052
0.3295749034
0.3121426535
0.299208987
0.2902571555
0.2849299433
0.283012523
0.2844210178
0.2891973996
0.297510758
0.3096646668
