2.561391982
2.560358161
2.55930734
2.558239347
2.557154008
2.556051148
2.554930594
2.55379217
2.552635701
2.551461011
2.550267924
2.549056264
2.547825853
2.546576515
2.545308073
2.544020347
2.54271316
2.545255381
2.544251642
2.543241865
2.542226052
2.541204207
2.540176333
2.539142433
2.53810251
2.537056569
2.536004611
2.534946641
2.533882663
2.532812678
2.531736692
2.530654706
2.529566725
2.528472753
2.527372792
2.526266846
2.525154919
2.524037015
2.522913136
2.521783286
2.52064747
2.519505691
2.518357951
2.517204256
2.516044609
2.514879013
2.513707473
2.512529991
2.511346572
2.51015722
2.508961938
2.507760731
2.506553601
2.505340554
2.504121592
2.502896721
2.501665942
2.500429262
2.499186683
2.49793821
2.496683847
2.495423597
2.494157465
2.492885455
2.491607571
2.490323818
2.489034198
2.553309567
2.553189018
2.553068471
2.552947928
2.552827386
2.552706847
2.552586311
2.552465777
2.552345245
2.552224717
2.55210419
2.551983666
2.551863144
2.551742625
2.551622109
2.551501595
2.551381083
2.551260574
2.551140067
2.551019563
2.550899061
2.550778562
2.550658065
2.550537571
2.550417079
2.55029659
2.550176103
2.550055619
2.549935137
2.549814657
2.549694181
2.549573706
2.549453234
2.549332765
2.549212298
2.549091833
2.548971371
2.548850911
2.548730454
2.54861
2.548489548
2.548369098
2.548248651
2.548128206
2.548007764
2.547887324
2.547766887
2.547646452
2.54752602
2.54740559
2.547285162
2.547164738
2.547044315
2.546923895
2.546803478
2.546683063
2.54656265
2.54644224
2.546321833
2.546201428
2.546081025
2.545960625
2.545840227
2.545719832
2.54559944
2.545479049
2.545358662
2.545238277
2.545117894
2.544997514
2.544877136
2.54475676
2.544636388
2.544516017
2.544395649
2.544275284
2.544154921
2.544034561
2.543914203
2.543793847
2.543673494
2.543553144
2.543432796
2.54331245
2.543192107
2.543071766
2.542951428
2.542831093
2.542710759
2.542590429
2.542470101
2.542349775
2.542229452
2.542109131
2.541988812
2.541868497
2.541748183
2.541627872
2.541507564
2.541387258
2.539293567
2.539104783
2.538915331
2.538725209
2.538534419
2.53834296
2.538150832
2.537958035
2.53776457
2.537570436
2.537375634
2.537180164
2.536984025
2.536787218
2.536589743
2.5363916
2.536192788
2.535993309
2.535793162
2.535592347
2.535390864
2.535188714
2.534985896
2.53478241
2.534578257
2.534373437
2.534167949
2.533961794
2.533754972
2.533547483
2.533339326
2.533130503
2.532921013
2.532710856
