3.4876
3.487003058
3.486396192
3.485779298
3.485152269
3.484515
3.483867384
3.483209313
3.48254068
3.481861377
3.481171297
3.48047033
3.479758367
3.479035298
3.478301015
3.477555405
3.47679836
3.478270509
3.477689341
3.477104575
3.476516213
3.475924253
3.475328696
3.474729542
3.474126791
3.473520442
3.472910497
3.472296954
3.471679814
3.471059077
3.470434743
3.469806811
3.469175282
3.468540157
3.467901434
3.467259113
3.466613196
3.465963681
3.46531057
3.464653861
3.463993555
3.463329652
3.462662151
3.461991054
3.461316359
3.460638067
3.459956178
3.459270691
3.458581608
3.457888927
3.45719265
3.456492775
3.455789302
3.455082233
3.454371566
3.453657303
3.452939442
3.452217984
3.451492929
3.450764276
3.450032027
3.44929618
3.448556736
3.447813695
3.447067056
3.446316821
3.445562988
3.482930303
3.482860606
3.482790909
3.482721212
3.482651515
3.482581818
3.482512121
3.482442424
3.482372727
3.48230303
3.482233333
3.482163636
3.482093939
3.482024242
3.481954545
3.481884848
3.481815152
3.481745455
3.481675758
3.481606061
3.481536364
3.481466667
3.48139697
3.481327273
3.481257576
3.481187879
3.481118182
3.481048485
3.480978788
3.480909091
3.480839394
3.480769697
3.4807
3.480630303
3.480560606
3.480490909
3.480421212
3.480351515
3.480281818
3.480212121
3.480142424
3.480072727
3.48000303
3.479933333
3.479863636
3.479793939
3.479724242
3.479654545
3.479584848
3.479515152
3.479445455
3.479375758
3.479306061
3.479236364
3.479166667
3.47909697
3.479027273
3.478957576
3.478887879
3.478818182
3.478748485
3.478678788
3.478609091
3.478539394
3.478469697
3.4784
3.478330303
3.478260606
3.478190909
3.478121212
3.478051515
3.477981818
3.477912121
3.477842424
3.477772727
3.47770303
3.477633333
3.477563636
3.477493939
3.477424242
3.477354545
3.477284848
3.477215152
3.477145455
3.477075758
3.477006061
3.476936364
3.476866667
3.47679697
3.476727273
3.476657576
3.476587879
3.476518182
3.476448485
3.476378788
3.476309091
3.476239394
3.476169697
3.4761
3.476030303
3.474817132
3.474707722
3.47459792
3.474487727
3.474377143
3.474266168
3.474154801
3.474043043
3.473930893
3.473818353
3.473705421
3.473592098
3.473478384
3.473364278
3.473249781
3.473134893
3.473019614
3.472903943
3.472787881
3.472671428
3.472554583
3.472437348
3.472319721
3.472201702
3.472083293
3.471964492
3.4718453
3.471725717
3.471605742
3.471485376
3.471364619
3.471243471
3.471121931
3.471
