313.046244
312.7692559
312.4917736
312.2137886
311.9352925
311.6562769
311.3767334
311.0966535
310.8160288
310.5348509
310.2531113
309.9708014
309.6879128
309.4044369
309.1203653
308.8356894
308.5504007
308.4632061
308.1941688
307.9251921
307.6562759
307.3874201
307.1186245
306.849889
306.5812136
306.312598
306.0440422
305.7755459
305.5071092
305.2387319
304.9704138
304.7021548
304.4339548
304.1658137
303.8977313
303.6297076
303.3617423
303.0938355
302.8259869
302.5581964
302.290464
302.0227895
301.7551727
301.4876136
301.220112
300.9526679
300.685281
300.4179514
300.1506788
299.8834631
299.6163043
299.3492021
299.0821566
298.8151675
298.5482348
298.2813584
298.014538
297.7477737
297.4810652
297.2144126
296.9478156
296.6812742
296.4147882
296.1483575
295.881982
295.6156616
295.3493962
298.348964
298.1397628
297.9308464
297.7222143
297.5138658
297.3058004
297.0980175
296.8905166
296.683297
296.4763582
296.2696996
296.0633207
295.8572208
295.6513994
295.445856
295.24059
295.0356008
294.8308879
294.6264507
294.4222886
294.2184012
294.0147877
293.8114478
293.6083808
293.4055862
293.2030634
293.000812
292.7988312
292.5971207
292.3956799
292.1945082
291.993605
291.79297
291.5926024
291.3925018
291.1926677
290.9930994
290.7937966
290.5947586
290.3959849
290.1974751
289.9992285
289.8012447
289.603523
289.4060632
289.2088644
289.0119264
288.8152485
288.6188303
288.4226712
288.2267707
288.0311283
287.8357435
287.6406158
287.4457447
287.2511296
287.0567701
286.8626657
286.6688158
286.47522
286.2818778
286.0887886
285.895952
285.7033675
285.5110345
285.3189526
285.1271214
284.9355402
284.7442087
284.5531263
284.3622925
284.1717069
283.9813689
283.7912782
283.6014342
283.4118364
283.2224843
283.0333775
282.8445155
282.6558979
282.4675241
282.2793937
282.0915061
281.903861
281.7164579
281.5292963
281.3423757
281.1556957
280.9692558
280.7830555
280.5970944
280.411372
280.2258879
280.0406416
279.8556326
279.6708605
279.4863248
279.3020251
279.117961
278.9341319
278.6588379
278.4723534
278.2860752
278.100003
277.9141364
277.728475
277.5430184
277.3577662
277.1727181
276.9878735
276.8032323
276.6187938
276.4345579
276.250524
276.0666919
275.8830611
275.6996312
275.5164019
275.3333727
275.1505434
274.9679135
274.7854827
274.6032505
274.4212166
274.2393806
274.0577422
273.876301
273.6950566
273.5140087
273.3331568
273.1525006
272.9720397
272.7917738
272.6117025
