0.02315984995
0.03263901468
0.04551472199
0.06161191247
0.07994885531
0.0985778582
0.1146500646
0.1247269385
0.1253091115
0.1136193986
0.08887201693
0.05433903572
0.01970817541
0.0005912701147
0.01033477653
0.04728769465
0.09259590205
0.1225626509
0.1208322201
0.08428500683
0.03027060492
9.616530881e-05
0.02644256541
0.08600246112
0.1244597045
0.1091085401
0.04786371506
0.000823072552
0.03162574124
0.1011737279
0.1245945524
0.07377441751
0.005914373653
0.02589212233
0.1033901177
0.1209414436
0.05180485601
0.0002796726975
0.06474207131
0.1253765878
0.07989448636
0.002222855758
0.05053879824
0.1241148587
0.07995807785
0.0007162356568
0.06419704403
0.1256084417
0.05303762017
0.005566788747
0.1009869525
0.1077478799
0.008595081735
0.05322087401
0.1254635433
0.04148203351
0.01939390661
0.1204620367
0.06916349808
0.005346034119
0.1112046852
0.08287275182
0.001938425186
0.107738333
0.08377382529
0.002911113461
0.1124488306
0.07238241278
0.0102287756
0.1216115627
0.04792076375
0.03189820773
0.1247549581
0.0157655764
0.07181431434
0.1057083639
0.0003297772233
0.1139528993
0.05457919214
0.03532818477
0.1213958963
0.002967214923
0.1024028573
0.06606931258
0.03051727986
0.1210116146
0.001109547063
0.1111642616
0.04683607294
0.05469713872
0.1043991766
0.006045003588
0.124995333
0.007822828928
0.1041736231
0.04918296936
0.06025043591
0.09379374969
0.01917491563
0.1199373695
0.0004929192516
0.1240386948
0.007175437328
0.1112955037
0.02940045496
0.08939979337
0.05555340927
0.06544312126
0.0784350289
0.04434528396
0.09545201864
0.02840266027
0.1067346581
0.01779271372
0.1135004459
0.01154562958
0.1171013782
0.00844481117
0.1185692018
0.007599349948
0.1184360763
0.008701448688
0.1166913022
0.01206896362
0.1128111248
0.01852673702
0.1058572367
0.02910404984
0.09468920588
0.04450432815
0.0783831177
0.06439536529
0.0569812173
0.08675657937
0.0326324348
0.1076478075
0.0107837524
0.1216456004
9.537594528e-05
0.122924267
0.00895406266
0.1069859851
0.03871291044
0.07360954399
0.07937366283
0.03165822974
0.1133232037
0.002412341122
0.1236860053
0.009522513622
0.1012188794
0.05332460724
0.051788284
0.1033719445
0.006424633657
0.1239555886
0.009460496118
0.09724263129
0.06343964371
0.03690644053
0.1154041483
1.978307585e-05
0.1164092924
0.03674263044
0.06005280332
0.1033037479
0.002989125577
0.1211207198
0.02780045037
0.06648840956
0.100942197
0.002929239324
0.1200057512
0.03381209613
0.05642842735
0.109789626
1.976627415e-05
0.111105943
0.05598536822
0.03128666588
0.1218132825
0.008451833446
0.08432072337
0.09237754456
0.003752150535
0.1177508625
0.0468738786
0.03512020263
0.1217999049
0.01150965639
0.07474793074
0.1037164693
5.896619523e-06
0.1044010659
0.07535690928
0.00942690181
0.1196615194
0.04722039698
0.02900370381
0.1232047214
0.02553394931
0.04955314502
0.1196655653
0.01187654305
0.06637114213
0.1132962488
0.004781596263
0.07809158659
0.1071835967
0.001793751195
0.08491002923
0.1031985277
0.0008555567128
0.08738310312
0.1022268876
0.0008908141476
0.08583857042
0.1044042181
0.001925896344
0.0802021605
0.1092084021
0.005019304708
0.07012571888
0.1153926399
0.01201550531
0.05541810054
0.120851235
0.02493737503
0.03685014657
0.1225863441
0.04485225157
0.01731381646
0.116987009
0.07043565281
0.002809591305
0.1006966988
0.09702778414
0.001691866499
0.07251116489
0.1170356704
0.02026340301
0.03674768887
0.1217865286
0.05611195093
0.006819423813
0.1045366342
0.09575676112
0.002459444557
0.06547886734
0.1203603432
0.03333045933
0.01981971762
0.1144626458
0.08299130222
0.0001790636734
0.07434464168
0.1184588077
0.0300786406
0.02040580853
0.1134065754
0.0871002352
0.001287625245
0.06433931295
0.1213217246
0.04459438404
0.00837233574
0.1005735654
0.1051445671
0.01269756807
0.03608115867
0.1187367642
0.07784437243
0.0003215977683
0.06605847236
0.1213846369
0.0506027057
0.003772494232
0.08916501787
0.114852415
0.0296703388
0.01469736911
0.1038748984
0.1050422368
0.01641189004
0.02631627229
0.1119415522
0.09608009874
0.009353288364
0.03493217331
0.1156812419
0.09029084508
0.006392578233
0.03905795779
0.1167895792
0.08867793827
0.006138364188
0.03832073877
0.115956076
0.09139074878
0.008398028763
0
