1.4
1.401
1.402
1.403
1.404
1.405
1.406
1.407
1.408
1.409
1.41
1.411
1.412
1.413
1.414
1.415
1.416
1.417
1.418
1.419
1.42
1.421
1.422
1.423
1.424
1.425
1.426
1.427
1.428
1.429
1.43
1.431
1.432
1.433
1.434
1.435
1.436
1.437
1.438
1.439
1.44
1.441
1.442
1.443
1.444
1.445
1.446
1.447
1.448
1.449
1.45
1.451
1.452
1.453
1.454
1.455
1.456
1.457
1.458
1.459
1.46
1.461
1.462
1.463
1.464
1.465
1.466
1.467
1.468
1.469
1.47
1.471
1.472
1.473
1.474
1.475
1.476
1.477
1.478
1.479
1.48
1.481
1.482
1.483
1.484
1.485
1.486
1.487
1.488
1.489
1.49
1.491
1.492
1.493
1.494
1.495
1.496
1.497
1.498
1.499
1.5
1.501
1.502
1.503
1.504
1.505
1.506
1.507
1.508
1.509
1.51
1.511
1.512
1.513
1.514
1.515
1.516
1.517
1.518
1.519
1.52
1.521
1.522
1.523
1.524
1.525
1.526
1.527
1.528
1.529
1.53
1.531
1.532
1.533
1.534
1.535
1.536
1.537
1.538
1.539
1.54
1.541
1.542
1.543
1.544
1.545
1.546
1.547
1.548
1.549
1.55
1.551
1.552
1.553
1.554
1.555
1.556
1.557
1.558
1.559
1.56
1.561
1.562
1.563
1.564
1.565
1.566
1.567
1.568
1.569
1.57
1.571
1.572
1.573
1.574
1.575
1.576
1.577
1.578
1.579
1.58
1.581
1.582
1.583
1.584
1.585
1.586
1.587
1.588
1.589
1.59
1.591
1.592
1.593
1.594
1.595
1.596
1.597
1.598
1.599
1.6
